INSERT into lat_lng (lng,lat) VALUES (121.383348,31.218587),(121.443287,31.03201),(121.28402,31.450155),(121.443287,31.03201),(121.302256,30.751163),(121.448744,31.294468),(121.473947,31.265739),(121.45817,31.277219),(121.402666,31.222435),(121.46433,31.267706),(121.606923,31.281853),(121.426164,31.138811),(121.443346,31.283622)
,(121.293487,31.119425),(121.474532,31.201809),(121.459038,31.199284),(121.594528,31.249881),(121.375269,31.233525),(121.468848,31.122473),(121.488413,31.231074),(121.471877,30.977364),(121.220793,31.440169),(121.438808,31.042967),(121.220472,31.437295),(121.222023,31.438129)
,(121.486678,31.255684),(121.359713,31.121652),(121.360103,31.119733),(121.5714,31.26499),(121.599726,31.269167),(121.41135,31.118345),(121.457451,31.268627),(121.276895,31.152805),(121.383119,31.124611),(121.487564,31.222054),(121.351596,30.998197),(121.48838,31.216576)
,(121.557071,31.176853),(121.246416,31.18388),(121.729703,31.24526),(121.58847,31.223233),(121.378676,30.99941),(121.554676,31.21601),(121.324424,31.055638),(121.222468,31.430578),(121.580473,31.242986),(121.445087,31.386587),(121.540143,31.027216),(121.761953,30.998054)
,(121.224041,31.435012),(121.204088,31.468417),(121.220863,31.456581),(121.225526,31.435409),(121.224135,31.435382),(121.220863,31.456581),(121.480936,31.215174),(121.788751,31.061084),(121.769394,31.042293),(121.771803,31.046388),(121.788751,31.061084),(121.745287,31.069854)
,(121.772763,31.020636),(121.480568,31.293566),(121.513548,31.205022),(121.222001,31.432767),(121.256038,31.393206),(121.326324,30.755729),(121.363904,30.748852),(121.581375,31.275651),(121.579066,31.271176),(121.59316,31.29113),(121.634069,31.24602),(121.58415,31.251603)
,(121.58327,31.290341),(121.591698,31.265146),(121.357112,30.762733),(121.570913,31.263544),(121.436083,31.260391),(121.616558,31.296228),(121.600622,31.05),(121.430263,31.120978),(121.483625,31.057018),(121.647431,31.185391),(121.926357,30.888548),(121.709365,31.115278)
,(121.52143,31.244263),(121.500889,31.147671),(121.265263,31.110601),(121.506535,31.269967),(),(),(),(),(),(),(),()


http://sou.sh.bendibao.com/cse/search?q=%E7%96%AB%E6%83%852022%E5%B9%B43%E6%9C%8811%E6%97%A5&click=1&s=12807205856148454789&nsid=

13
无症状感染者56，男，52岁，居住于金山区龙轩路2208弄，无症状感染者57，女，10岁，居住于金山区海盛路500弄，无症状感染者58，男，36岁，居住于长宁区天山路202弄，无症状感染者59，男，14岁，居住于闵行区浦星公路568弄，无症状感染者60，男，23岁，居住于徐汇区华济路2弄，无症状感染者61，女，22岁，居住于闵行区金都路2239弄，无症状感染者62，女，16岁，居住于松江区中山二路658号，无症状感染者63，男，12岁，居住于奉贤区万顺路2768弄，无症状感染者64，女，18岁，居住于松江区龙源路555号，无症状感染者65，女，9岁，居住于闵行区银春路2200弄，无症状感染者66，女，24岁，居住于杨浦区平凉路2545弄，无症状感染者67，女，51岁，居住于黄浦区丽园路824弄，无症状感染者68，男，48岁，居住于普陀区光复西路133弄，无症状感染者69，女，78岁，居住于嘉定区娄陆公路831号，无症状感染者70，女，72岁，居住于黄浦区徐家汇路515弄，无症状感染者71，男，20岁，居住于松江区玉阳苑，无症状感染者72，女，50岁，居住于黄浦区西藏南路1129弄，无症状感染者73，女，68岁，居住于宝山区泗塘一村，无症状感染者74，女，82岁，居住于浦东新区长清路103弄，无症状感染者75，女，46岁，居住于长宁区水城路728弄，无症状感染者76，女，69岁，居住于徐汇区龙吴路1343弄，无症状感染者77，男，39岁，居住于徐汇区龙吴路1343弄，无症状感染者78，男，73岁，居住于徐汇区龙吴路1343弄，无症状感染者79，女，39岁，居住于徐汇区钦州北路485号，无症状感染者80，男，46岁，居住于青浦区莫家圩，无症状感染者81，男，18岁，居住于闵行区东川路800号，无症状感染者82，女，29岁，居住于闵行区朱行路12号，无症状感染者83，男，19岁，居住于闵行区东川路800号，无症状感染者84，男，19岁，居住于闵行区东川路800号，无症状感染者85，男，44岁，居住于闵行区昌林路430号，无症状感染者86，男，18岁，居住于闵行区东川路800号，无症状感染者87，女，45岁，居住于静安区康宁路852号，无症状感染者88，男，14岁，居住于徐汇区桂林东街99弄，无症状感染者89，男，9岁，居住于黄浦区局门路241弄，无症状感染者90，男，34岁，居住于黄浦区南昌路282号，无症状感染者91，女，31岁，居住于虹口区瑞虹路233弄，无症状感染者92，男，50岁，居住于宝山区月浦八村，无症状感染者93，男，18岁，居住于徐汇区华发路406弄，无症状感染者94，女，31岁，居住于黄浦区局门后路9号，无症状感染者95，男，38岁，居住于闵行区共和村，无症状感染者96，男，36岁，居住于静安区沪太路1170弄，无症状感染者97，男，72岁，居住于徐汇区大木桥路450弄，无症状感染者98，女，48岁，居住于闵行区沁春路1366弄，无症状感染者99，女，40岁，居住于静安区广延路1188弄，无症状感染者100，男，15岁，居住于闵行区高兴路666弄，无症状感染者101，女，48岁，居住于嘉定区南新路429弄，均系本市报告本土确诊病例或无症状感染者的密切接触者，即被隔离管控，其间新冠病毒核酸检测结果异常，经市疾控中心复核结果为阳性。经市级专家会诊，综合流行病学史、临床症状、实验室检测和影像学检查结果等，诊断为无症状感染者。无症状感染者102，女，41岁，居住于徐汇区龙吴路1343弄，无症状感染者103，女，8岁，居住于黄浦区局门后路9号，无症状感染者104，男，5岁，居住于静安区止园路400弄，无症状感染者105，男，27岁，居住于杨浦区国伟路100弄，无症状感染者106，男，35岁，居住于普陀区灵石路1669弄，无症状感染者107，女，68岁，居住于嘉定区沙霞路95弄，无症状感染者108，男，46岁，居住于浦东新区秀沿路867弄，无症状感染者109，男，33岁，居住于浦东新区鹤韵路550弄，无症状感染者110，女，24岁，居住于浦东新区高科西路2111弄，无症状感染者111，女，71岁，居住于浦东新区鹏岳路152弄，无症状感染者112，女，39岁，居住于金山区海盛路500弄，无症状感染者113，男，30岁，居住于普陀区真华路36弄，无症状感染者114，男，52岁，居住于闵行区罗秀路887号，无症状感染者115，男，25岁，居住于青浦区郏店村，无症状感染者116，男，56岁，居住于闵行区剑川路818弄，无症状感染者117，男，18岁，居住于松江区荣乐中路800弄，无症状感染者118，男，18岁，居住于闵行区东川路800号，无症状感染者119，男，56岁，居住于徐汇区小木桥路440弄，无症状感染者120，男，31岁，居住于黄浦区中山南一路251号，无症状感染者121，女，31岁，居住于徐汇区汇成二村，无症状感染者122，女，50岁，居住于徐汇区罗秀路955弄，无症状感染者123，男，51岁，居住于徐汇区华发路406弄，无症状感染者124，女，16岁，居住于普陀区黄陵路200弄，无症状感染者125，男，29岁，居住于浦东新区创新西路333弄，无症状感染者126，男，32岁，居住于徐汇区罗城路490号，无症状感染者127，男，59岁，居住于杨浦区延吉五村，无症状感染者128，男，16岁，居住于虹口区瑞虹路368弄，

12
无症状感染者1，女，39岁，居住于静安区塘沽路933号，无症状感染者2，女，11岁，居住于闵行区春申路1581弄，无症状感染者3，男，21岁，居住于浦东新区创新西路75弄，无症状感染者4，女，47岁，居住于静安区宜川路733弄，无症状感染者5，男，36岁，居住于长宁区茅台路353弄，无症状感染者6，男，31岁，居住于闵行区罗秀路1377号，无症状感染者7，女，38岁，居住于嘉定区鹤霞路555弄，无症状感染者8，女，74岁，居住于嘉定区曹南路12弄，无症状感染者9，女，52岁，居住于嘉定区曹南路12弄，无症状感染者10，女，31岁，居住于徐汇区田林路118号，无症状感染者11，女，73岁，居住于松江区沪松公路2517弄，无症状感染者12，女，60岁，居住于闵行区漕宝路1508弄，无症状感染者13，女，54岁，居住于黄浦区徐家汇路388号，无症状感染者14，男，10岁，居住于金山区南阳湾路1288弄，无症状感染者15，男，79岁，居住于金山区横浦村，无症状感染者16，女，80岁，居住于金山区横浦村，无症状感染者17，男，63岁，居住于宝山区丹霞山路257弄，无症状感染者18，女，66岁，居住于黄浦区顺昌路612弄，无症状感染者19，男，38岁，居住于黄浦区南昌路282号，无症状感染者20，女，4岁，居住于宝山区淞发路901弄，无症状感染者21，女，59岁，居住于宝山区淞发路901弄，无症状感染者22，女，57岁，居住于闵行区虹梅南路1008号，无症状感染者23，男，26岁，居住于闵行区剑川路中铁四局工地宿舍，无症状感染者24，女，46岁，居住于闵行区剑川路中铁四局工地宿舍，无症状感染者25，男，34岁，居住于闵行区剑川路中铁四局工地宿舍，无症状感染者26，男，41岁，居住于闵行区剑川路中铁四局工地宿舍，无症状感染者27，男，19岁，居住于闵行区东川路800号，无症状感染者28，男，19岁，居住于闵行区东川路800号，无症状感染者29，女，31岁，居住于金山区龙轩路1989弄，无症状感染者30，女，36岁，居住于浦东新区五莲路780弄，无症状感染者31，女，53岁，居住于浦东新区利津路729弄，无症状感染者32，女，28岁，居住于浦东新区金工路133弄，无症状感染者33，女，10岁，居住于浦东新区佳林路115弄，无症状感染者34，男，5岁，居住于浦东新区拱鸣路95弄，无症状感染者35，女，5岁，居住于浦东新区听悦路685弄，无症状感染者36，女，6岁，居住于浦东新区听悦路1205弄，无症状感染者37，男，5岁，居住于浦东新区听悦路685弄，无症状感染者38，男，5岁，居住于浦东新区城南路818号，无症状感染者39，女，5岁，居住于浦东新区拱鸣路60弄，无症状感染者40，男，6岁，居住于浦东新区拱为路2600弄，无症状感染者41，女，6岁，居住于浦东新区听悦路960弄，无症状感染者42，女，5岁，居住于浦东新区拱鸣路60弄，无症状感染者43，男，5岁，居住于浦东新区听悦路685弄，无症状感染者44，女，6岁，居住于浦东新区迎薰路215弄，无症状感染者45，男，5岁，居住于浦东新区拱海路79弄，无症状感染者46，女，32岁，居住于浦东新区听潮南路77弄，无症状感染者47，男，30岁，居住于浦东新区听潮南路77弄，无症状感染者48，女，51岁，居住于浦东新区扶栏村下塘一组，无症状感染者49，女，53岁，居住于浦东新区园艺村，无症状感染者50，女，43岁，居住于浦东新区听悦路685弄，无症状感染者51，男，11岁，居住于浦东新区华夏东路1260弄，无症状感染者52，男，41岁，居住于浦东新区牟平路384弄，无症状感染者53，男，34岁，居住于浦东新区花木路500弄花木苑，无症状感染者54，女，13岁，居住于浦东新区华夏二路200弄，无症状感染者55，男，44岁，居住于浦东新区浦东大道2778弄，无症状感染者56，男，33岁，居住于浦东新区云台路183弄，无症状感染者57，男，54岁，居住于浦东新区巨峰路667弄，无症状感染者58，女，53岁，居住于浦东新区巨峰路667弄，无症状感染者59，女，35岁，居住于浦东新区通济路616弄，无症状感染者60，女，8岁，居住于浦东新区勤政路88弄，均系本市报告本土确诊病例或无症状感染者的密切接触者，即被隔离管控，其间新冠病毒核酸检测结果异常，经市疾控中心复核结果为阳性。经市级专家会诊，综合流行病学史、临床症状、实验室检测和影像学检查结果等，诊断为无症状感染者。无症状感染者61，男，58岁，居住于长宁区协和路193号，无症状感染者62，女，34岁，外省来沪就医人员家属，无症状感染者63，女，30岁，居住于浦东新区川沙六团七灶北张家宅，无症状感染者64，女，35岁，居住于浦东新区芬菊路199号工地宿舍，

11
无症状感染者1，女，34岁，居住于静安区陆丰路中宝大厦，无症状感染者2，女，21岁，居住于静安区塘沽路747弄，无症状感染者3，女，29岁，居住于虹口区三门路747弄，无症状感染者4，女，39岁，居住于青浦区徐和路165弄，无症状感染者5，男，39岁，居住于闵行区银都路3151弄，无症状感染者6，男，39岁，居住于浦东新区光泽路120弄，无症状感染者7，男，23岁，居住于徐汇区龙吴路1717弄，无症状感染者8，女，43岁，居住于闵行区华漕纪东，无症状感染者9，男，30岁，居住于闵行区江川路1565号，无症状感染者10，男，36岁，居住于闵行区鲁康路555弄，无症状感染者11，女，36岁，居住于闵行区龙茗路513弄13支弄，无症状感染者12，女，39岁，居住于闵行区德宏路2465号，无症状感染者13，女，43岁，居住于浦东新区瓦屑建设路60弄，无症状感染者14，男，43岁，居住于浦东新区博兴路462弄，无症状感染者15，男，20岁，居住于浦东新区栖山路1555弄，无症状感染者16，男，58岁，居住于浦东新区栖山路1555弄，无症状感染者17，男，40岁，居住于闵行区银都路3151弄，无症状感染者18，男，51岁，居住于宝山区永顺路81弄，无症状感染者19，女，31岁，居住于松江区环城路616弄，无症状感染者20，女，63岁，居住于松江区沪松公路1100号，无症状感染者21，男，29岁，居住于嘉定区陇南路嘉涛路停车场，无症状感染者22，女，57岁，居住于闵行区普乐路425弄，无症状感染者23，男，59岁，居住于闵行区普乐路425弄，无症状感染者24，女，19岁，居住于嘉定区城中路20号，无症状感染者25，女，17岁，居住于嘉定区城中路20号，无症状感染者26，女，44岁，居住于嘉定区宝安公路3705弄，无症状感染者27，女，19岁，居住于嘉定区城中路20号，无症状感染者28，男，43岁，居住于宝山区四元路126号，无症状感染者29，女，41岁，居住于闵行区罗秀路1377号，无症状感染者30，男，33岁，居住于虹口区四川北路1545弄，无症状感染者31，男，24岁，居住于长宁区仙霞西路885弄，无症状感染者32，女，46岁，居住于普陀区灵石路1197号，无症状感染者33，女，56岁，居住于宝山区永顺路81弄，无症状感染者34，女，31岁，居住于宝山区永顺路81弄，无症状感染者35，女，3岁，居住于宝山区永顺路81弄，无症状感染者36，男，77岁，居住于黄浦区徐家汇路388号，无症状感染者37，女，51岁，居住于徐汇区田林十四村，无症状感染者38，男，5岁，居住于宝山区泗塘一村，无症状感染者39，女，57岁，居住于徐汇区宜山路600号，无症状感染者40，女，21岁，居住于徐汇区田林路90弄，无症状感染者41，女，29岁，居住于浦东新区长清路103弄，无症状感染者42，女，34岁，居住于黄浦区车站东路195号，无症状感染者43，女，64岁，居住于徐汇区华泾路880弄，无症状感染者44，女，55岁，居住于徐汇区老沪闵路1039弄，无症状感染者45，女，54岁，居住于浦东新区光辉村，无症状感染者46，男，14岁，居住于闵行区同乐路158号，无症状感染者47，女，18岁，居住于黄浦区西藏南路1739弄，无症状感染者48，男，3岁，居住于松江区茸惠路858弄，无症状感染者49，女，58岁，居住于松江区博安路32弄，无症状感染者50，女，38岁，居住于浦东新区博兴路462弄，无症状感染者51，男，59岁，外省来沪就医人员，无症状感染者52，男，55岁，居住于嘉定区新宝路88弄，无症状感染者53，女，57岁，居住于嘉定区南新路219弄，无症状感染者54，女，56岁，居住于嘉定区娄塘路658弄，无症状感染者55，女，51岁，居住于嘉定区娄塘大北街132号，无症状感染者56，女，49岁，居住于嘉定区娄塘娄南村，无症状感染者57，女，50岁，居住于嘉定区娄塘路626弄，均系本市报告本土确诊病例或无症状感染者的密切接触者，即被隔离管控，其间新冠病毒核酸检测结果异常，经市疾控中心复核结果为阳性。经市级专家会诊，综合流行病学史、临床症状、实验室检测和影像学检查结果等，诊断为无症状感染者。无症状感染者58，男，69岁，居住于闵行区江川路241弄，无症状感染者59，男，43岁，居住于闵行区江川路303弄，无症状感染者60，男，43岁，居住于黄浦区车站东路195号，无症状感染者61，男，30岁，居住于徐汇区罗城路470号，无症状感染者62，男，33岁，居住于松江区王家厍路55弄，无症状感染者63，女，34岁，居住于徐汇区华发路368弄，无症状感染者64，男，32岁，居住于黄浦区淮海东路89弄，无症状感染者65，女，9岁，居住于金山区学府路1811弄，无症状感染者66，男，2岁，居住于金山区学府路1811弄，无症状感染者67，女，31岁，居住于金山区学府路1811弄，无症状感染者68，女，58岁，居住于金山区学府路1811弄，无症状感染者69，男，26岁，居住于徐汇区梅陇路130号，无症状感染者70，男，6岁，居住于浦东新区听谐路86弄，无症状感染者71，男，28岁，居住于闵行区龙吴路5688弄，无症状感染者72，男，25岁，居住于闵行区申郑路18弄，无症状感染者73，女，35岁，居住于闵行区景谷中路58弄，无症状感染者74，女，10岁，居住于徐汇区天等路430弄，无症状感染者75，女，38岁，居住于静安区茂名北路93号，无症状感染者76，女，40岁，居住于奉贤区万顺路2768弄，无症状感染者77，男，25岁，居住于闵行区晋豪生活广场，无症状感染者78，男，15岁，居住于宝山区长江路868号，

